Cdegrees = [-20, -15, -10, -5, 0, 5, 10, 15, 20, 25, 30, 35, 40];
Fdegrees = [-20, -15, -10, -5, 0, 5, 10, 15, 30, 35, 40];
